243890419
557
4273799
557
254839495
557
15555579
557
827847
557
180106354
557
631075
557
264637732
557
579495968
557
121758326
557
33326855
557
239211765
557
224450974
557
29881941
557
95557867
557
824159489
557
148613903
557
101494540
557
21943021
557
16101247
557
2284216
557
22925671
557
184171661
557
745199070
557
42416197
557
131224759
557
1957296
557
26475572
557
420496729
557
60638553
557
651734010
557
503
557
120963680
557
1215124
557
152334213
557
88669426
557
29102898
557
58306511
557
12054759
557
4504820
557
7173155
557
198486412
557
18636723
557
4956192
557
6202569
557
42175452
557
118314405
557
7433212
557
12359822
557
545626
557
72948
557
498956
557
153315
557
111576349
557
552072103
557
80754744
557
49250622
557
21837874
557
38872337
557
320548086
557
32679794
557
30956374
557
488429655
557
171264704
557
1341599
557
273234959
557
34410564
557
1726375445
557
446865822
557
10104110
557
16164390
557
113728461
557
14178734
557
5788147
557
12772416
557
35165519
557
12713446
557
178798718
557
456639856
557
2124322
557
27570849
557
25011811
557
4513674
557
24728102
557
35803369
557
10604141
557
3452185
557
4775648
557
44942345
557
138083803
557
21398649
557
20583221
557
22965346
557
13751977
557
3588876
557
71658726
557
3744550
557
54213476
557
124235754
557
12309071
557
48081471
557
2441163
557
24092998
557
21883527
557
231950010
557
13963849
557
24641515
557
4082388
557
138469024
557
60923602
557
14642601
557
76802754
557
28078003
557
495737662
557
263876397
557
23574073
557
278
557
22768445
557
2782554
557
12485106
557
388002923
557
27309713
557
76430407
557
303
557
21819417
557
6533728
557
1268909
557
47670616
557
141043833
557
307225
557
50402974
557
2715336
557
30570332
557
28485636
557
903654
557
241724953
557
794156
557
16777393
557
286615697
557
742252222
557
14917357
557
770568
994824
97
4435976
7002120
2758
58
58
109896
64840
543348
557
9700320
557
169562448
557
222813018
557
731109
557
235
12875703
557
13973431
557
13458352
1120
778160
15293360
903
299440
404912
102832
57264
858544
1164720
83888
90032
203696
236464
104880
121776
852912
1070000
213072
235600
9
